These are the index values along the first axis at which one signal/channel ends, essentially marking the start/end of an entire signal.

MITBIH
[634, 634, 634, 634, 634, 634, 634, 634, 634, 634]

BCIIV2A
[659, 659, 659, 659, 659, 659, 659, 659, 659, 659, 659, 659, 659, 659, 659, 659, 659, 659, 659, 659, 659, 659, 659, 659, 659,
657, 657, 657, 657, 657, 657, 657, 657, 657, 657, 657, 657, 657, 657, 657, 657, 657, 657, 657, 657, 657, 657, 657, 657, 657]

NINAPROD3
[1731, 1731, 1731, 1731, 1731, 1731, 1731, 1731, 1731, 1731, 1731, 1731,
2441, 2441, 2441, 2441, 2441, 2441, 2441, 2441, 2441, 2441, 2441, 2441,
855, 855, 855, 855, 855, 855, 855, 855, 855, 855, 855, 855]