MITBIH
[2539, 2539,
2539, 2539,
2539, 2539,
2539, 2539,
2539, 2539]

BCIIV2A
[2637, 2637, 2637, 2637, 2637, 2637, 2637, 2637, 2637, 2637, 2637, 2637, 2637, 2637, 2637, 2637, 2637, 2637, 2637, 2637, 2637, 2637, 2637, 2637, 2637,
2630, 2630, 2630, 2630, 2630, 2630, 2630, 2630, 2630, 2630, 2630, 2630, 2630, 2630, 2630, 2630, 2630, 2630, 2630, 2630, 2630, 2630, 2630, 2630, 2630]

NINAPROD3
[6924, 6924, 6924, 6924, 6924, 6924, 6924, 6924, 6924, 6924, 6924, 6924,
9765, 9765, 9765, 9765, 9765, 9765, 9765, 9765, 9765, 9765, 9765, 9765,
3421, 3421, 3421, 3421, 3421, 3421, 3421, 3421, 3421, 3421, 3421, 3421]
